A = [10 30 20 ; 40 60 50 ; 70 90 80 ]
B = [01 03 02 ; 04 06 05 ; 07 09 08 ]
C = A*B